130105000000
130108000000
130125000000
130131000000
130183000000
130184000000
130281000000
130283000000
130302000000
130321000000
130402000000
130403000000
130406000000
130423000000
130425000000
130426000000
130427000000
130428000000
130429000000
130431000000
130432000000
130433000000
130434000000
130435000000
130481000000
130522000000
130523000000
130526000000
130529000000
130531000000
130532000000
130534000000
130535000000
130582000000
130603000000
130623000000
130624000000
130626000000
130627000000
130628000000
130630000000
130631000000
130633000000
130634000000
130635000000
130636000000
130681000000
130683000000
130684000000
130702000000
130703000000
130705000000
130706000000
130722000000
130723000000
130724000000
130725000000
130726000000
130727000000
130728000000
130729000000
130730000000
130731000000
130732000000
130733000000
130791000000
130793000000
130794000000
130802000000
130821000000
130822000000
130823000000
130824000000
130825000000
130826000000
130827000000
130828000000
130829000000
130903000000
130921000000
130923000000
130926000000
130927000000
130928000000
130929000000
130982000000
130983000000
130984000000
131003000000
131025000000
131026000000
131102000000
131121000000
131122000000
131123000000
131124000000
131125000000
131126000000
131181000000
131182000000
131281000000
131382000000
131438000000
140105000000
140106000000
140108000000
140122000000
140123000000
140202000000
140211000000
140212000000
140221000000
140222000000
140223000000
140224000000
140225000000
140226000000
140227000000
140303000000
140311000000
140321000000
140322000000
140402000000
140421000000
140423000000
140424000000
140425000000
140426000000
140427000000
140428000000
140429000000
140430000000
140431000000
140481000000
140502000000
140521000000
140522000000
140524000000
140525000000
140581000000
140602000000
140603000000
140621000000
140622000000
140623000000
140624000000
140702000000
140721000000
140722000000
140723000000
140724000000
140725000000
140726000000
140727000000
140728000000
140729000000
140802000000
140821000000
140822000000
140823000000
140824000000
140825000000
140826000000
140827000000
140828000000
140829000000
140830000000
140881000000
140882000000
140901000000
140921000000
140922000000
140923000000
140924000000
140925000000
140926000000
140927000000
140928000000
140929000000
140930000000
140931000000
140932000000
140981000000
140982000000
141002000000
141021000000
141022000000
141023000000
141024000000
141025000000
141026000000
141027000000
141028000000
141029000000
141030000000
141031000000
141032000000
141033000000
141034000000
141082000000
141102000000
141121000000
141122000000
141123000000
141124000000
141125000000
141126000000
141127000000
141128000000
141129000000
141130000000
141181000000
141182000000
150102000000
150104000000
150105000000
150121000000
150122000000
150123000000
150124000000
150125000000
150202000000
150203000000
150204000000
150221000000
150222000000
150223000000
150302000000
150303000000
150304000000
150402000000
150403000000
150404000000
150421000000
150422000000
150423000000
150424000000
150425000000
150426000000
150428000000
150429000000
150430000000
150501000000
150502000000
150521000000
150522000000
150524000000
150525000000
150526000000
150602000000
150621000000
150622000000
150623000000
150624000000
150625000000
150626000000
150627000000
150702000000
150721000000
150722000000
150723000000
150724000000
150725000000
150726000000
150727000000
150782000000
150783000000
150802000000
150821000000
150822000000
150823000000
150824000000
150825000000
150826000000
150902000000
150921000000
150922000000
150923000000
150924000000
150925000000
150926000000
150927000000
150928000000
150929000000
150981000000
152201000000
152202000000
152203000000
152221000000
152222000000
152224000000
152502000000
152522000000
152523000000
152524000000
152525000000
152526000000
152527000000
152528000000
152529000000
152530000000
152531000000
152921000000
152922000000
210102000000
210114000000
210122000000
210123000000
210124000000
210181000000
210203000000
210211000000
210213000000
210281000000
210282000000
210283000000
210302000000
210321000000
210323000000
210381000000
210402000000
210403000000
210411000000
210422000000
210423000000
210503000000
210504000000
210521000000
210522000000
210603000000
210604000000
210624000000
210681000000
210682000000
210703000000
210726000000
210727000000
210781000000
210782000000
210881000000
210882000000
210902000000
210903000000
210904000000
210911000000
210921000000
210922000000
211002000000
211021000000
211102000000
211103000000
211202000000
211204000000
211221000000
211223000000
211224000000
211282000000
211302000000
211303000000
211321000000
211322000000
211324000000
211381000000
211382000000
211402000000
211403000000
211404000000
211421000000
211422000000
211481000000
220102000000
220105000000
220112000000
220122000000
220181000000
220182000000
220183000000
220202000000
220203000000
220204000000
220211000000
220221000000
220281000000
220282000000
220283000000
220284000000
220302000000
220303000000
220322000000
220323000000
220381000000
220382000000
220392000000
220402000000
220403000000
220421000000
220422000000
220502000000
220503000000
220521000000
220523000000
220524000000
220581000000
220582000000
220583000000
220602000000
220605000000
220621000000
220622000000
220623000000
220681000000
220702000000
220721000000
220722000000
220723000000
220724000000
220802000000
220821000000
220822000000
220881000000
220882000000
222401000000
222402000000
222403000000
222404000000
222405000000
222406000000
222424000000
222426000000
229992000000
230102000000
230103000000
230111000000
230112000000
230123000000
230124000000
230125000000
230126000000
230127000000
230128000000
230129000000
230182000000
230183000000
230184000000
230202000000
230203000000
230208000000
230221000000
230223000000
230224000000
230225000000
230227000000
230229000000
230230000000
230231000000
230281000000
230302000000
230321000000
230381000000
230382000000
230421000000
230422000000
230521000000
230522000000
230523000000
230524000000
230604000000
230606000000
230621000000
230622000000
230623000000
230624000000
230703000000
230722000000
230781000000
230803000000
230804000000
230805000000
230811000000
230822000000
230826000000
230828000000
230833000000
230881000000
230882000000
230903000000
230921000000
231003000000
231004000000
231005000000
231024000000
231025000000
231083000000
231084000000
231085000000
231101000000
231102000000
231121000000
231123000000
231124000000
231181000000
231182000000
231202000000
231221000000
231222000000
231223000000
231224000000
231225000000
231226000000
231281000000
231282000000
231283000000
232721000000
232722000000
232791000000
320305000000
320312000000
320321000000
320322000000
320324000000
320381000000
320383000000
320481000000
320612000000
320623000000
320681000000
320682000000
320721000000
320722000000
320724000000
320803000000
320804000000
320811000000
320826000000
320830000000
320831000000
320903000000
320922000000
320923000000
320925000000
320981000000
320982000000
321281000000
321302000000
321304000000
321311000000
321322000000
321323000000
321324000000
330283000000
330324000000
330326000000
330327000000
330382000000
330424000000
330621000000
330681000000
330781000000
330803000000
331023000000
331082000000
331121000000
331122000000
331123000000
331124000000
331127000000
340000000000
340102000000
340104000000
340121000000
340122000000
340123000000
340124000000
340181000000
340202000000
340203000000
340223000000
340225000000
340303000000
340304000000
340321000000
340322000000
340323000000
340402000000
340403000000
340404000000
340406000000
340407000000
340421000000
340491000000
340503000000
340504000000
340522000000
340523000000
340604000000
340621000000
340702000000
340711000000
340723000000
340811000000
340822000000
340824000000
340825000000
340826000000
340827000000
340828000000
340881000000
341003000000
341004000000
341021000000
341022000000
341023000000
341024000000
341103000000
341122000000
341124000000
341125000000
341126000000
341182000000
341202000000
341203000000
341204000000
341221000000
341222000000
341225000000
341226000000
341282000000
341302000000
341321000000
341322000000
341323000000
341324000000
341501000000
341502000000
341503000000
341522000000
341523000000
341524000000
341525000000
341602000000
341621000000
341622000000
341623000000
341702000000
341721000000
341722000000
341723000000
341802000000
341821000000
341822000000
341823000000
341824000000
341825000000
350104000000
350111000000
350121000000
350122000000
350181000000
350182000000
350302000000
350303000000
350304000000
350322000000
350391000000
350403000000
350421000000
350423000000
350424000000
350425000000
350426000000
350427000000
350428000000
350429000000
350430000000
350481000000
350521000000
350524000000
350525000000
350583000000
350623000000
350624000000
350625000000
350627000000
350628000000
350681000000
350702000000
350721000000
350722000000
350724000000
350781000000
350783000000
350802000000
350821000000
350822000000
350823000000
350824000000
350825000000
350881000000
350902000000
350921000000
350922000000
350923000000
350924000000
350981000000
350982000000
360000000000
360202000000
360203000000
360222000000
360281000000
360301000000
360302000000
360303000000
360313000000
360321000000
360322000000
360323000000
360402000000
360403000000
360421000000
360423000000
360424000000
360425000000
360426000000
360427000000
360428000000
360429000000
360430000000
360481000000
360482000000
360502000000
360521000000
360591000000
360592000000
360601000000
360602000000
360603000000
360622000000
360681000000
360691000000
360702000000
360721000000
360722000000
360723000000
360724000000
360725000000
360726000000
360727000000
360728000000
360729000000
360730000000
360731000000
360732000000
360733000000
360734000000
360735000000
360781000000
360782000000
360791000000
360792000000
360901000000
360902000000
360921000000
360922000000
360923000000
360924000000
360925000000
360926000000
360982000000
360983000000
361001000000
361002000000
361021000000
361022000000
361023000000
361024000000
361025000000
361026000000
361027000000
361028000000
361029000000
361030000000
361101000000
361102000000
361121000000
361122000000
361123000000
361124000000
361125000000
361126000000
361127000000
361128000000
361129000000
361130000000
361181000000
370105000000
370112000000
370124000000
370126000000
370203000000
370281000000
370282000000
370283000000
370284000000
370285000000
370303000000
370323000000
370402000000
370404000000
370406000000
370481000000
370502000000
370612000000
370681000000
370682000000
370683000000
370687000000
370724000000
370725000000
370781000000
370782000000
370783000000
370785000000
370786000000
370793000000
370827000000
370828000000
370831000000
370881000000
370902000000
370921000000
370923000000
370982000000
370983000000
371002000000
371102000000
371121000000
371122000000
371302000000
371311000000
371312000000
371321000000
371322000000
371323000000
371324000000
371325000000
371326000000
371327000000
371328000000
371393000000
371402000000
371422000000
371424000000
371427000000
371482000000
371499000000
371502000000
371521000000
371522000000
371523000000
371524000000
371525000000
371526000000
371581000000
371591000000
371599000000
371621000000
371622000000
371625000000
371626000000
371702000000
371721000000
371722000000
371723000000
371724000000
371725000000
371726000000
371727000000
371728000000
410000000000
410103000000
410105000000
410122000000
410130000000
410182000000
410183000000
410184000000
410185000000
410192000000
410202000000
410206000000
410221000000
410222000000
410223000000
410224000000
410303000000
410311000000
410322000000
410323000000
410324000000
410325000000
410326000000
410327000000
410328000000
410329000000
410381000000
410390000000
410392000000
410403000000
410404000000
410421000000
410422000000
410423000000
410425000000
410481000000
410482000000
410501000000
410502000000
410503000000
410505000000
410506000000
410522000000
410523000000
410526000000
410527000000
410581000000
410602000000
410603000000
410611000000
410621000000
410622000000
410704000000
410721000000
410724000000
410725000000
410726000000
410727000000
410728000000
410781000000
410782000000
410791000000
410792000000
410794000000
410795000000
410803000000
410804000000
410821000000
410822000000
410823000000
410825000000
410882000000
410883000000
410922000000
410923000000
410926000000
410927000000
410928000000
410990000000
411023000000
411024000000
411025000000
411081000000
411082000000
411102000000
411103000000
411104000000
411121000000
411122000000
411123000000
411124000000
411125000000
411202000000
411221000000
411222000000
411224000000
411282000000
411291000000
411302000000
411303000000
411304000000
411321000000
411322000000
411323000000
411324000000
411325000000
411326000000
411327000000
411328000000
411329000000
411330000000
411331000000
411332000000
411333000000
411334000000
411402000000
411403000000
411421000000
411422000000
411423000000
411424000000
411425000000
411426000000
411481000000
411490000000
411502000000
411503000000
411521000000
411522000000
411523000000
411524000000
411525000000
411526000000
411527000000
411528000000
411702000000
411721000000
411722000000
411723000000
411724000000
411725000000
411726000000
411727000000
411728000000
411729000000
411791000000
411793000000
419001000000
420000000000
420106000000
420111000000
420114000000
420115000000
420116000000
420117000000
420202000000
420222000000
420281000000
420301000000
420302000000
420303000000
420321000000
420322000000
420323000000
420324000000
420325000000
420381000000
420502000000
420503000000
420504000000
420506000000
420525000000
420526000000
420527000000
420528000000
420529000000
420581000000
420582000000
420583000000
420606000000
420607000000
420624000000
420625000000
420626000000
420682000000
420683000000
420684000000
420702000000
420703000000
420704000000
420705000000
420706000000
420801000000
420802000000
420803000000
420804000000
420821000000
420822000000
420881000000
420901000000
420902000000
420921000000
420922000000
420923000000
420981000000
420982000000
420984000000
421001000000
421002000000
421003000000
421022000000
421023000000
421024000000
421081000000
421083000000
421087000000
421088000000
421102000000
421121000000
421122000000
421123000000
421124000000
421125000000
421126000000
421127000000
421181000000
421182000000
421183000000
421202000000
421203000000
421221000000
421222000000
421223000000
421224000000
421281000000
421303000000
421304000000
421321000000
421381000000
421382000000
422801000000
422802000000
422822000000
422823000000
422825000000
422826000000
422827000000
422828000000
422904000000
422905000000
422906000000
422921000000
430000000000
430103000000
430104000000
430111000000
430112000000
430121000000
430124000000
430181000000
430182000000
430203000000
430211000000
430221000000
430223000000
430224000000
430225000000
430281000000
430302000000
430304000000
430321000000
430381000000
430382000000
430391000000
430392000000
430393000000
430405000000
430406000000
430407000000
430408000000
430412000000
430421000000
430422000000
430423000000
430424000000
430426000000
430481000000
430482000000
430502000000
430503000000
430511000000
430521000000
430522000000
430523000000
430524000000
430525000000
430527000000
430528000000
430529000000
430581000000
430591000000
430602000000
430603000000
430611000000
430621000000
430623000000
430624000000
430626000000
430681000000
430682000000
430691000000
430692000000
430701000000
430702000000
430703000000
430721000000
430722000000
430723000000
430724000000
430725000000
430726000000
430781000000
430791000000
430792000000
430793000000
430794000000
430802000000
430811000000
430821000000
430822000000
430902000000
430903000000
430921000000
430922000000
430923000000
430981000000
430991000000
430992000000
431101000000
431102000000
431103000000
431104000000
431105000000
431121000000
431122000000
431123000000
431124000000
431125000000
431126000000
431127000000
431128000000
431129000000
431202000000
431221000000
431222000000
431223000000
431224000000
431225000000
431226000000
431227000000
431228000000
431229000000
431230000000
431281000000
431291000000
431302000000
431321000000
431322000000
431381000000
431382000000
431391000000
433101000000
433122000000
433123000000
433124000000
433125000000
433126000000
433127000000
433130000000
440224000000
440281000000
440282000000
440514000000
440515000000
440804000000
440811000000
440881000000
440882000000
440883000000
440981000000
441224000000
441324000000
441426000000
441481000000
441521000000
441581000000
441622000000
441623000000
441781000000
441821000000
441881000000
445102000000
445103000000
445222000000
445224000000
445381000000
450102000000
450103000000
450105000000
450107000000
450108000000
450109000000
450122000000
450123000000
450124000000
450125000000
450126000000
450127000000
450203000000
450204000000
450205000000
450221000000
450222000000
450223000000
450224000000
450225000000
450226000000
450292000000
450303000000
450304000000
450305000000
450311000000
450321000000
450322000000
450323000000
450324000000
450325000000
450326000000
450327000000
450328000000
450329000000
450330000000
450331000000
450332000000
450403000000
450404000000
450405000000
450421000000
450422000000
450423000000
450481000000
450501000000
450502000000
450503000000
450512000000
450521000000
450602000000
450603000000
450621000000
450681000000
450702000000
450703000000
450721000000
450722000000
450802000000
450803000000
450804000000
450821000000
450881000000
450901000000
450902000000
450921000000
450922000000
450923000000
450924000000
450981000000
451002000000
451021000000
451022000000
451023000000
451024000000
451025000000
451026000000
451027000000
451028000000
451029000000
451030000000
451031000000
451102000000
451121000000
451122000000
451123000000
451191000000
451202000000
451221000000
451222000000
451223000000
451224000000
451225000000
451226000000
451227000000
451228000000
451229000000
451281000000
451302000000
451321000000
451322000000
451323000000
451324000000
451381000000
451402000000
451421000000
451422000000
451423000000
451424000000
451425000000
451481000000
460105000000
460403000000
469002000000
469005000000
469006000000
469007000000
469021000000
469022000000
469023000000
469024000000
469025000000
469026000000
469027000000
469028000000
469029000000
469030000000
469033000000
501001000000
501002000000
501003000000
501004000000
501005000000
501006000000
501007000000
501008000000
501009000000
501010000000
501011000000
501012000000
501013000000
501014000000
501015000000
501016000000
501017000000
501018000000
501019000000
501020000000
501021000000
501022000000
501023000000
501024000000
501025000000
501026000000
501027000000
501028000000
501029000000
501030000000
501031000000
501032000000
501033000000
501038000000
510181000000
510183000000
510185000000
510302000000
510303000000
510304000000
510311000000
510321000000
510322000000
510411000000
510421000000
510422000000
510502000000
510503000000
510504000000
510521000000
510522000000
510524000000
510525000000
510603000000
510623000000
510626000000
510681000000
510682000000
510683000000
510703000000
510722000000
510723000000
510724000000
510725000000
510726000000
510727000000
510781000000
510802000000
510811000000
510812000000
510821000000
510822000000
510823000000
510824000000
510903000000
510904000000
510921000000
510922000000
510923000000
511002000000
511011000000
511024000000
511025000000
511028000000
511102000000
511111000000
511112000000
511113000000
511123000000
511124000000
511126000000
511129000000
511132000000
511133000000
511181000000
511302000000
511303000000
511304000000
511321000000
511322000000
511323000000
511324000000
511325000000
511381000000
511401000000
511402000000
511422000000
511423000000
511424000000
511425000000
511502000000
511503000000
511521000000
511523000000
511524000000
511525000000
511526000000
511527000000
511528000000
511529000000
511601000000
511602000000
511621000000
511622000000
511623000000
511681000000
511702000000
511721000000
511722000000
511723000000
511724000000
511725000000
511781000000
511802000000
511821000000
511822000000
511823000000
511824000000
511825000000
511826000000
511827000000
511901000000
511902000000
511921000000
511922000000
511923000000
512002000000
512021000000
512022000000
513221000000
513222000000
513223000000
513224000000
513225000000
513226000000
513227000000
513228000000
513229000000
513230000000
513231000000
513232000000
513321000000
513322000000
513323000000
513324000000
513325000000
513326000000
513327000000
513328000000
513329000000
513330000000
513331000000
513332000000
513333000000
513334000000
513335000000
513336000000
513337000000
513338000000
513401000000
513422000000
513423000000
513424000000
513425000000
513426000000
513427000000
513428000000
513429000000
513430000000
513431000000
513432000000
513433000000
513434000000
513435000000
513436000000
513437000000
520111000000
520112000000
520121000000
520122000000
520123000000
520181000000
520201000000
520203000000
520221000000
520222000000
520302000000
520303000000
520321000000
520322000000
520323000000
520324000000
520325000000
520326000000
520327000000
520328000000
520329000000
520330000000
520381000000
520382000000
520402000000
520421000000
520422000000
520423000000
520424000000
520425000000
520502000000
520521000000
520522000000
520523000000
520524000000
520525000000
520526000000
520527000000
520602000000
520603000000
520621000000
520622000000
520623000000
520624000000
520625000000
520626000000
520627000000
520628000000
520701000000
522301000000
522322000000
522323000000
522324000000
522325000000
522326000000
522327000000
522328000000
522390000000
522601000000
522622000000
522623000000
522624000000
522625000000
522626000000
522627000000
522628000000
522629000000
522630000000
522631000000
522632000000
522633000000
522634000000
522635000000
522636000000
522701000000
522702000000
522722000000
522723000000
522725000000
522726000000
522727000000
522728000000
522729000000
522730000000
522731000000
522732000000
522733000000
530103000000
530111000000
530113000000
530122000000
530124000000
530125000000
530126000000
530127000000
530128000000
530129000000
530181000000
530302000000
530321000000
530322000000
530323000000
530324000000
530325000000
530326000000
530328000000
530381000000
530389000000
530402000000
530421000000
530422000000
530423000000
530424000000
530425000000
530426000000
530427000000
530428000000
530502000000
530521000000
530522000000
530523000000
530524000000
530602000000
530621000000
530622000000
530623000000
530624000000
530625000000
530626000000
530627000000
530628000000
530629000000
530630000000
530702000000
530721000000
530722000000
530723000000
530724000000
530802000000
530821000000
530822000000
530823000000
530824000000
530825000000
530826000000
530827000000
530828000000
530829000000
530902000000
530921000000
530922000000
530923000000
530924000000
530925000000
530926000000
530927000000
532301000000
532322000000
532323000000
532324000000
532325000000
532326000000
532327000000
532328000000
532329000000
532331000000
532501000000
532502000000
532503000000
532523000000
532524000000
532525000000
532526000000
532527000000
532528000000
532529000000
532530000000
532531000000
532532000000
532601000000
532622000000
532623000000
532624000000
532625000000
532626000000
532627000000
532628000000
532801000000
532822000000
532823000000
532901000000
532922000000
532923000000
532924000000
532925000000
532926000000
532927000000
532928000000
532929000000
532930000000
532931000000
532932000000
533102000000
533103000000
533122000000
533123000000
533124000000
533321000000
533323000000
533324000000
533325000000
533421000000
533422000000
533423000000
540121000000
542125000000
542222000000
542301000000
542426000000
542427000000
542521000000
542527000000
610104000000
610111000000
610114000000
610115000000
610116000000
610122000000
610124000000
610125000000
610126000000
610202000000
610203000000
610204000000
610222000000
610223000000
610302000000
610303000000
610304000000
610322000000
610323000000
610324000000
610326000000
610327000000
610328000000
610329000000
610330000000
610331000000
610502000000
610521000000
610522000000
610523000000
610524000000
610525000000
610526000000
610527000000
610528000000
610581000000
610582000000
610583000000
610602000000
610621000000
610622000000
610623000000
610624000000
610625000000
610626000000
610627000000
610628000000
610629000000
610630000000
610631000000
610632000000
610702000000
610721000000
610722000000
610723000000
610724000000
610725000000
610726000000
610727000000
610728000000
610729000000
610730000000
610791000000
610802000000
610821000000
610822000000
610823000000
610824000000
610825000000
610826000000
610827000000
610828000000
610829000000
610830000000
610831000000
610902000000
610921000000
610922000000
610923000000
610924000000
610925000000
610926000000
610927000000
610928000000
610929000000
610930000000
610931000000
611002000000
611021000000
611022000000
611023000000
611024000000
611025000000
611026000000
611281000000
620102000000
620103000000
620121000000
620122000000
620123000000
620302000000
620321000000
620402000000
620403000000
620421000000
620422000000
620423000000
620502000000
620503000000
620521000000
620522000000
620523000000
620524000000
620525000000
620602000000
620621000000
620622000000
620623000000
620702000000
620721000000
620722000000
620723000000
620724000000
620725000000
620802000000
620821000000
620822000000
620823000000
620824000000
620825000000
620826000000
620902000000
620922000000
620981000000
621002000000
621021000000
621022000000
621023000000
621024000000
621025000000
621026000000
621027000000
621102000000
621121000000
621122000000
621123000000
621124000000
621125000000
621126000000
621202000000
621221000000
621222000000
621223000000
621224000000
621225000000
621226000000
621227000000
621228000000
622901000000
622921000000
622922000000
622923000000
622925000000
622926000000
622927000000
623001000000
623021000000
623022000000
623023000000
623024000000
623025000000
623026000000
630121000000
630122000000
630123000000
632121000000
632122000000
632123000000
632126000000
632127000000
632128000000
632221000000
632222000000
632223000000
632321000000
632322000000
632323000000
632324000000
632521000000
632522000000
632523000000
632524000000
632525000000
632621000000
632622000000
632623000000
632624000000
632625000000
632626000000
632721000000
632722000000
632723000000
632724000000
632725000000
632726000000
632801000000
632802000000
632821000000
632822000000
632823000000
640104000000
640106000000
640221000000
640302000000
640303000000
640324000000
640402000000
640422000000
640423000000
640425000000
640502000000
640521000000
640522000000
650102000000
650104000000
652101000000
652122000000
652123000000
652201000000
652222000000
652223000000
652302000000
652325000000
652327000000
652328000000
652701000000
652722000000
652723000000
652801000000
652822000000
652823000000
652824000000
652825000000
652826000000
652827000000
652828000000
652829000000
652901000000
652922000000
652923000000
652924000000
652925000000
652926000000
652927000000
652928000000
652929000000
653001000000
653022000000
653023000000
653024000000
653101000000
653121000000
653122000000
653123000000
653124000000
653125000000
653126000000
653127000000
653128000000
653129000000
653130000000
653131000000
653201000000
653221000000
653222000000
653223000000
653224000000
653225000000
653226000000
653227000000
654002000000
654004000000
654021000000
654022000000
654023000000
654024000000
654025000000
654026000000
654028000000
654201000000
654221000000
654224000000
654225000000
654226000000
654301000000
654321000000
654322000000
654323000000
654324000000
654325000000
654326000000
660304000000
660905000000
411806000000
411882000000
370116000000
220184000000
429005000000
429021000000